uuid,label_5,label_10,label_20,label_40,label_60
0,0,0,1,0,2
1,1,2,1,2,2
2,0,0,1,0,2
3,1,0,1,0,2
4,0,0,1,0,2
5,0,0,1,0,2
6,1,2,1,2,2
7,1,0,1,2,2
8,1,0,1,2,2
9,1,0,1,2,2
10,1,0,1,2,2
11,1,0,1,2,2
12,1,1,1,2,2
13,1,0,1,2,2
14,1,1,1,1,2
15,1,0,1,2,2
16,1,0,1,2,2
17,1,0,1,2,2
18,1,0,1,2,2
19,1,1,1,2,2
20,1,0,1,2,2
21,1,1,1,2,2
22,1,2,1,2,2
23,1,2,1,2,2
24,1,2,1,2,2
25,1,2,1,2,2
26,2,2,1,2,2
27,2,2,1,2,2
28,2,2,1,2,2
29,2,2,1,2,2
30,2,2,1,2,2
31,1,0,1,2,2
32,1,0,1,0,2
33,2,2,1,2,2
34,0,0,1,1,2
35,1,1,1,2,2
36,1,2,1,2,2
37,1,2,1,2,2
38,1,0,1,2,2
39,1,0,1,2,2
40,1,0,1,2,2
41,0,0,1,2,2
42,1,2,1,2,2
43,1,1,1,2,2
44,1,2,1,2,2
45,1,0,1,2,2
46,0,0,1,2,2
47,1,0,1,2,2
48,1,0,1,2,2
49,0,0,1,2,2
50,0,0,1,2,2
51,1,0,1,2,2
52,1,0,1,2,2
53,1,2,1,2,2
54,0,0,1,2,2
55,1,2,1,2,2
56,1,1,1,2,2
57,1,2,1,2,2
58,2,2,1,2,2
59,2,2,1,2,2
60,1,2,1,2,2
61,1,2,1,2,2
62,1,2,1,2,2
63,1,2,1,2,2
64,2,2,1,2,2
65,2,2,1,2,2
66,1,0,1,2,2
67,1,2,1,2,2
68,1,0,1,2,2
69,1,0,1,2,2
70,1,0,1,2,2
71,1,0,1,2,2
72,1,1,1,2,2
73,1,1,1,2,2
74,1,0,1,2,2
75,1,0,1,2,2
76,1,1,1,2,2
77,1,1,1,2,2
78,2,2,1,2,2
79,1,0,1,2,2
80,2,2,1,2,2
81,1,2,1,2,2
82,1,2,1,2,2
83,1,2,1,2,2
84,1,2,1,2,2
85,1,2,1,2,2
86,1,2,1,2,2
87,1,2,1,2,2
88,1,2,1,2,2
89,1,2,1,2,2
90,2,2,1,2,2
91,2,2,1,2,2
92,1,2,2,2,2
93,1,2,1,2,2
94,1,2,1,2,2
95,1,2,1,2,2
96,2,2,1,2,2
97,2,2,1,2,2
98,2,2,2,2,2
99,2,2,1,2,2
100,1,2,1,2,2
101,1,2,2,2,2
102,2,2,1,2,2
103,2,2,1,2,2
104,1,2,1,2,2
105,2,2,1,2,2
106,1,2,1,2,2
107,1,2,2,2,2
108,2,2,2,2,2
109,2,2,2,2,2
110,1,2,1,2,2
111,0,2,1,2,2
112,1,2,1,2,2
113,1,2,1,2,2
114,2,2,2,2,2
115,1,2,1,2,2
116,2,2,2,2,2
117,2,2,2,2,2
118,1,2,1,2,2
119,2,2,2,2,2
120,1,2,2,2,2
121,1,2,1,2,2
122,1,1,1,2,2
123,1,2,1,2,2
124,1,2,1,2,2
125,1,2,2,2,2
126,1,2,2,2,2
127,1,2,1,2,2
128,2,2,1,2,2
129,1,2,1,2,2
130,2,2,2,2,2
131,1,2,1,2,2
132,1,2,1,2,2
133,1,2,1,2,2
134,0,0,1,2,2
135,1,2,2,2,2
136,1,2,1,2,2
137,0,0,1,2,2
138,0,0,2,2,2
139,0,0,1,2,2
140,1,0,1,1,2
141,0,0,1,2,2
142,0,0,1,2,2
143,1,1,1,2,2
144,2,2,1,2,2
145,1,2,1,2,2
146,1,2,1,2,2
147,1,0,1,2,2
148,1,2,1,2,2
149,0,0,1,2,2
150,0,0,1,2,2
151,0,0,1,2,2
152,0,2,1,2,2
153,1,2,1,2,2
154,1,2,1,2,2
155,1,2,1,2,2
156,2,2,1,2,2
157,1,2,1,2,2
158,0,2,2,2,2
159,2,2,1,2,2
160,2,2,1,2,2
161,2,2,2,2,2
162,2,2,2,2,2
163,1,2,2,2,2
164,2,2,2,2,2
165,2,0,2,2,2
166,0,0,1,2,2
167,0,2,2,2,2
168,0,0,2,2,2
169,2,2,2,2,2
170,2,2,2,2,2
171,2,2,2,2,2
172,0,0,0,2,2
173,2,2,1,2,2
174,2,0,1,2,2
175,2,2,2,2,2
176,0,0,1,2,2
177,0,0,1,2,2
178,0,0,1,2,2
179,2,2,1,2,2
180,0,0,1,2,2
181,2,2,1,2,2
182,0,0,1,0,2
183,2,2,1,2,2
184,2,2,1,2,2
185,2,2,1,2,2
186,2,2,1,2,2
187,2,2,1,2,2
188,1,0,1,2,2
189,1,2,1,2,2
190,0,0,1,2,2
191,0,0,1,2,2
192,1,2,1,2,2
193,1,0,1,2,2
194,1,2,1,2,2
195,1,2,1,2,2
196,2,2,1,2,2
197,1,2,1,2,2
198,1,2,1,2,2
199,2,2,1,2,2
200,2,2,1,2,2
201,2,2,1,2,2
202,2,2,1,2,2
203,2,2,2,2,2
204,2,2,1,2,2
205,2,2,1,2,2
206,0,0,1,2,2
207,2,2,1,2,2
208,2,2,1,2,2
209,2,2,1,2,2
210,2,2,1,2,2
211,2,2,1,2,2
212,2,2,1,2,2
213,2,2,1,2,2
214,2,2,1,2,2
215,2,2,1,2,2
216,2,2,1,2,2
217,2,2,1,2,2
218,2,2,1,2,2
219,2,2,1,2,2
220,2,2,1,2,2
221,2,2,1,2,2
222,2,2,1,2,2
223,2,2,2,2,2
224,1,2,1,2,2
225,2,2,2,2,2
226,2,2,1,2,2
227,2,2,1,2,2
228,2,2,1,2,2
229,1,2,1,2,2
230,2,2,1,2,2
231,1,2,1,2,2
232,2,2,1,2,2
233,2,2,1,2,2
234,2,2,1,2,2
235,2,2,1,2,2
236,2,2,1,2,2
237,1,2,1,2,2
238,1,2,1,2,2
239,2,2,1,2,2
240,1,2,1,2,2
241,1,2,1,2,2
242,1,2,1,2,2
243,1,2,1,2,2
244,2,2,1,2,2
245,1,2,1,2,2
246,1,2,1,2,2
247,1,0,1,2,2
248,1,0,1,2,2
249,1,2,1,2,2
250,0,0,1,2,2
251,0,0,1,2,2
252,1,0,1,2,2
253,0,0,1,2,2
254,0,0,1,2,2
255,1,2,1,2,2
256,1,2,1,2,2
257,1,2,1,2,2
258,1,2,1,2,2
259,1,2,1,2,2
260,1,2,1,2,2
261,1,2,1,2,2
262,2,2,1,2,2
263,2,2,1,2,2
264,1,2,1,2,2
265,2,2,1,2,2
266,2,2,1,2,2
267,2,2,1,2,2
268,2,2,1,2,2
269,1,0,1,1,2
270,1,0,1,1,2
271,1,1,1,1,2
272,1,1,1,1,2
273,2,2,1,2,2
274,1,2,1,2,2
275,2,2,1,2,2
276,2,2,1,2,2
277,2,2,1,2,2
278,2,2,1,2,2
279,2,2,1,2,2
280,2,2,1,2,2
281,1,1,1,1,2
282,1,1,1,1,2
283,1,1,1,1,2
284,1,1,1,1,2
285,1,1,1,1,2
286,1,1,1,1,2
287,1,1,1,1,2
288,1,1,1,1,2
289,1,1,1,1,2
290,1,1,1,1,2
291,1,1,1,1,2
292,1,1,1,1,2
293,1,1,1,1,2
294,1,1,1,1,2
295,1,1,1,1,2
296,1,1,1,1,2
297,1,1,1,1,2
298,2,2,1,2,2
299,1,0,1,1,2
300,1,1,1,1,2
301,1,1,1,1,2
302,1,2,1,1,2
303,2,2,1,1,2
304,1,2,1,1,2
305,1,1,1,1,2
306,1,2,1,1,2
307,1,1,1,1,2
308,1,1,1,1,2
309,1,1,1,1,2
310,1,1,1,1,2
311,1,1,1,1,2
312,1,1,1,1,2
313,1,1,1,1,2
314,1,1,1,1,2
315,1,1,1,1,2
316,1,1,1,1,2
317,1,1,1,1,2
318,1,1,1,1,2
319,1,1,1,1,1
320,1,1,1,1,1
321,1,1,1,1,0
322,1,1,1,1,1
323,1,1,1,1,0
324,1,2,1,1,1
325,1,1,1,1,1
326,1,1,1,1,0
327,1,1,1,1,0
328,1,0,1,1,0
329,1,0,1,1,0
330,1,0,1,1,0
331,1,0,1,1,0
332,1,0,1,0,0
333,1,0,1,0,0
334,1,0,1,0,0
335,1,0,1,0,0
336,1,0,1,0,0
337,1,0,1,0,0
338,1,0,1,0,0
339,1,0,1,0,0
340,1,0,0,0,0
341,1,0,1,0,0
342,1,0,1,0,0
343,1,0,1,0,0
344,1,0,1,0,0
345,1,0,1,0,0
346,1,0,1,0,0
347,1,0,1,0,0
348,1,0,1,0,0
349,1,0,1,0,0
350,1,0,1,0,0
351,0,0,0,0,0
352,0,0,1,0,0
353,1,0,1,0,0
354,1,0,1,0,0
355,1,0,1,0,0
356,1,0,1,0,0
357,1,0,1,0,0
358,1,0,1,0,0
359,1,0,1,1,0
360,1,0,1,1,0
361,1,0,1,1,0
362,1,0,1,1,0
363,1,1,1,1,0
364,1,1,1,1,0
365,1,1,1,1,0
366,1,1,1,1,0
367,1,1,1,1,0
368,1,1,1,1,0
369,1,0,1,1,0
370,1,0,1,1,0
371,1,0,1,1,0
372,1,0,1,1,0
373,1,1,1,1,0
374,1,1,1,1,0
375,1,1,1,1,0
376,1,1,1,1,0
377,1,1,1,1,0
378,1,0,1,1,0
379,1,0,1,1,0
380,1,1,1,1,0
381,1,0,1,1,0
382,1,1,1,1,0
383,1,1,1,1,0
384,1,1,1,1,0
385,1,1,1,1,1
386,1,1,1,1,1
387,1,1,1,1,1
388,1,1,1,1,0
389,1,1,1,1,0
390,1,0,1,1,0
391,1,1,1,1,0
392,1,0,1,1,0
393,1,1,1,1,1
394,1,0,1,1,0
395,1,0,1,1,0
396,1,1,1,1,0
397,1,1,1,1,0
398,1,1,1,1,0
399,1,1,1,1,1
400,1,1,1,1,1
401,1,1,1,1,1
402,1,1,1,1,1
403,1,0,1,1,1
404,1,1,1,1,1
405,1,1,1,1,1
406,1,1,1,1,1
407,1,1,1,1,1
408,1,1,1,1,1
409,1,1,1,1,1
410,1,1,1,1,1
411,1,1,1,1,1
412,1,1,1,1,1
413,1,1,1,1,1
414,1,1,1,1,1
415,1,1,1,1,1
416,1,1,1,1,1
417,1,1,1,1,1
418,1,1,1,1,1
419,1,1,1,1,1
420,1,1,1,1,1
421,1,1,1,1,1
422,1,1,1,1,1
423,0,0,1,1,1
424,0,0,1,1,1
425,0,0,1,1,1
426,1,1,1,1,1
427,1,0,1,1,1
428,1,1,1,1,1
429,1,1,1,1,1
430,1,1,1,1,1
431,1,1,1,1,1
432,1,1,1,1,1
433,1,0,1,1,1
434,1,1,1,1,1
435,1,1,1,1,1
436,1,1,1,1,1
437,1,1,1,1,1
438,1,1,1,1,1
439,1,1,1,1,1
440,1,1,1,1,1
441,1,1,1,1,1
442,1,1,1,1,1
443,1,1,1,1,1
444,1,1,1,1,1
445,1,0,1,1,1
446,1,1,1,1,1
447,1,1,1,1,1
448,1,2,1,1,1
449,1,1,1,1,1
450,1,1,1,1,1
451,1,0,1,1,1
452,1,1,1,1,1
453,1,1,1,1,1
454,1,1,1,1,1
455,1,1,1,1,1
456,1,1,1,1,1
457,1,1,1,1,1
458,1,1,1,1,1
459,1,1,1,1,1
460,1,1,1,1,1
461,1,1,1,1,1
462,0,0,1,1,2
463,1,2,1,1,2
464,1,2,1,1,1
465,1,2,1,1,1
466,1,1,1,1,1
467,1,1,1,1,1
468,1,1,1,1,1
469,1,1,1,1,1
470,1,1,1,1,1
471,1,1,1,1,1
472,1,1,1,1,1
473,1,1,1,1,1
474,1,1,1,1,1
475,1,1,1,1,1
476,0,0,1,1,2
477,1,1,1,1,1
478,1,0,1,1,1
479,1,2,1,1,2
480,1,1,1,1,1
481,1,1,1,1,2
482,1,1,1,1,1
483,1,1,1,1,2
484,1,1,1,1,1
485,1,1,1,1,1
486,1,1,1,1,1
487,1,1,1,1,1
488,1,1,1,1,1
489,1,1,1,1,1
490,1,1,1,1,1
491,1,1,1,1,1
492,1,1,1,1,1
493,1,1,1,1,2
494,1,1,1,1,1
495,1,1,1,1,1
496,1,1,1,1,1
497,1,1,1,1,1
498,1,1,1,1,1
499,1,1,1,1,2
500,1,1,1,1,1
501,1,1,1,1,1
502,1,1,1,1,2
503,1,1,1,1,2
504,1,1,1,1,1
505,1,1,1,1,2
506,1,1,1,1,2
507,1,1,1,1,2
508,1,1,1,1,2
509,1,1,1,1,2
510,1,1,1,1,2
511,1,1,1,1,1
512,1,1,1,1,2
513,1,1,1,1,2
514,1,1,1,1,2
515,1,1,1,1,2
516,1,1,1,1,2
517,1,1,1,1,1
518,1,1,1,1,2
519,1,1,1,1,2
520,1,1,1,1,2
521,1,1,1,1,2
522,1,1,1,1,2
523,1,1,1,1,2
524,1,1,1,1,2
525,1,1,1,1,2
526,1,0,1,1,2
527,1,0,1,1,2
528,1,0,1,1,2
529,1,1,1,1,2
530,1,1,1,1,2
531,1,1,1,1,2
532,1,1,1,1,2
533,1,1,1,1,2
534,1,0,1,1,2
535,1,0,1,1,2
536,1,0,1,1,2
537,1,0,1,1,2
538,1,0,1,1,2
539,1,1,1,1,2
540,1,1,1,1,2
541,1,1,1,1,2
542,1,1,1,1,2
543,1,1,1,1,2
544,1,1,1,1,2
545,1,1,1,1,2
546,1,1,1,1,2
547,1,1,1,1,2
548,1,1,1,1,2
549,1,1,1,1,2
550,1,1,1,1,2
551,1,1,1,1,2
552,1,1,1,1,2
553,1,1,1,1,2
554,1,1,1,1,2
555,1,1,1,1,2
556,0,0,1,1,2
557,1,0,1,1,2
558,1,0,1,1,2
559,1,1,1,1,2
560,1,1,1,1,2
561,1,1,1,1,2
562,1,1,1,1,2
563,1,1,1,1,2
564,1,0,1,1,1
565,1,1,1,1,2
566,1,1,1,1,1
567,1,0,1,1,1
568,1,1,1,1,1
569,1,1,1,1,1
570,1,0,1,1,2
571,1,1,1,1,2
572,1,0,1,1,1
573,1,2,1,1,2
574,1,2,1,1,2
575,1,1,1,1,2
576,1,1,1,1,2
577,1,1,1,1,2
578,1,2,1,1,2
579,1,2,1,1,2
580,1,2,1,1,2
581,1,1,1,1,2
582,1,2,1,1,2
583,1,1,1,1,1
584,1,1,1,1,1
585,1,2,1,1,2
586,1,1,1,1,2
587,1,1,1,1,1
588,1,1,1,1,2
589,1,1,1,1,1
590,1,1,1,1,2
591,1,1,1,1,1
592,1,1,1,1,2
593,1,1,1,1,2
594,1,1,1,1,2
595,1,1,1,1,2
596,1,1,1,1,1
597,1,1,1,1,1
598,1,1,1,1,2
599,1,1,1,1,1
600,1,1,1,1,1
601,1,1,1,1,1
602,1,1,1,1,1
603,1,1,1,1,1
604,1,1,1,1,1
605,1,1,1,1,2
606,1,1,1,1,2
607,1,1,1,1,2
608,1,1,1,1,1
609,1,0,1,1,1
610,1,1,1,1,1
611,1,1,1,1,1
612,1,2,1,1,1
613,1,2,1,1,1
614,1,2,1,1,1
615,1,2,1,1,1
616,1,2,1,1,1
617,2,2,1,1,1
618,1,2,1,1,1
619,1,1,1,1,1
620,1,2,1,1,2
621,1,1,1,1,1
622,1,1,1,1,1
623,1,1,1,1,1
624,1,1,1,1,1
625,1,1,1,1,2
626,1,1,1,1,2
627,1,1,1,1,1
628,1,1,1,1,1
629,1,1,1,1,1
630,1,1,1,1,1
631,1,1,1,1,1
632,1,1,1,1,1
633,1,1,1,1,1
634,1,1,1,1,2
635,1,1,1,1,1
636,1,1,1,1,1
637,1,1,1,1,1
638,1,1,1,1,1
639,1,1,1,1,2
640,1,1,1,1,2
641,1,1,1,1,2
642,1,1,1,1,1
643,1,1,1,1,2
644,1,1,1,1,1
645,1,1,1,1,2
646,1,1,1,1,2
647,1,1,1,1,1
648,1,1,1,1,1
649,1,2,1,1,2
650,0,0,1,1,1
651,1,1,1,1,2
652,1,1,1,1,2
653,1,1,1,1,2
654,1,1,1,1,2
655,1,1,1,1,1
656,1,1,1,1,1
657,1,1,1,1,1
658,1,1,1,1,1
659,1,1,1,1,2
660,1,1,1,1,2
661,1,1,1,1,1
662,1,1,1,1,1
663,1,1,1,1,1
664,1,1,1,1,1
665,1,1,1,1,2
666,1,1,1,1,2
667,1,1,1,1,1
668,1,1,1,1,1
669,1,2,1,1,2
670,1,2,1,1,2
671,1,2,1,1,2
672,1,2,1,1,2
673,1,1,1,1,1
674,1,1,1,1,1
675,1,1,1,1,2
676,1,1,1,1,1
677,1,2,1,2,2
678,1,1,1,1,2
679,1,1,1,1,2
680,1,1,1,1,2
681,1,0,1,1,2
682,1,2,1,2,2
683,1,2,1,2,2
684,1,1,1,2,2
685,1,1,1,2,2
686,0,0,1,1,2
687,1,0,1,1,2
688,1,1,1,1,1
689,2,2,1,1,2
690,2,2,1,1,2
691,1,2,1,1,2
692,1,1,1,1,2
693,1,2,1,1,2
694,1,2,1,1,2
695,1,1,1,1,2
696,1,1,1,1,2
697,1,1,1,1,2
698,1,2,1,1,2
699,1,1,1,1,2
700,1,1,1,1,2
701,1,1,1,1,2
702,1,1,1,1,2
703,1,1,1,1,2
704,1,1,1,1,2
705,1,1,1,1,2
706,1,1,1,2,2
707,1,1,1,2,2
708,1,1,1,1,2
709,1,2,1,1,2
710,1,0,1,1,2
711,1,2,1,1,2
712,0,0,1,1,2
713,1,2,1,1,2
714,1,0,1,1,2
715,1,0,1,1,2
716,1,0,1,1,2
717,1,1,1,1,2
718,1,0,1,1,2
719,1,0,1,1,2
720,1,0,1,1,2
721,1,1,1,1,2
722,1,1,1,1,2
723,1,1,1,1,2
724,1,2,1,1,2
725,1,0,1,1,2
726,1,1,1,1,2
727,1,1,1,1,2
728,1,1,1,1,2
729,1,1,1,1,2
730,1,1,1,1,2
731,1,2,1,1,2
732,1,1,1,1,2
733,1,2,1,1,2
734,1,2,1,1,2
735,1,2,1,1,2
736,1,0,1,1,2
737,1,1,1,1,2
738,1,1,1,1,2
739,1,1,1,1,2
740,1,1,1,1,2
741,1,1,1,1,2
742,1,1,1,1,2
743,1,1,1,1,2
744,1,1,1,1,2
745,1,1,1,1,2
746,1,1,1,1,2
747,1,1,1,1,2
748,1,2,1,1,2
749,1,2,1,1,2
750,1,1,1,1,2
751,1,1,1,1,2
752,1,1,1,1,2
753,1,1,1,1,2
754,1,1,1,1,2
755,1,1,1,1,2
756,1,1,1,1,2
757,1,1,1,1,2
758,1,1,1,1,2
759,1,1,1,1,2
760,1,1,1,1,2
761,1,1,1,1,2
762,1,1,1,1,2
763,1,1,1,1,2
764,1,1,1,1,2
765,1,1,1,1,2
766,1,1,1,1,2
767,1,1,1,1,2
768,1,1,1,1,2
769,1,1,1,1,1
770,1,1,1,1,2
771,1,1,1,1,2
772,1,1,1,1,2
773,1,1,1,1,2
774,1,1,1,1,2
775,1,1,1,1,1
776,1,1,1,1,2
777,1,1,1,1,2
778,1,1,1,1,2
779,1,1,1,1,1
780,1,1,1,1,1
781,1,1,1,1,1
782,1,1,1,1,1
783,1,1,1,1,1
784,1,1,1,1,2
785,1,1,1,1,1
786,1,1,1,1,2
787,1,1,1,1,1
788,1,1,1,1,1
789,1,1,1,1,1
790,1,1,1,1,2
791,1,1,1,1,2
792,1,1,1,1,2
793,1,1,1,1,1
794,1,1,1,1,1
795,1,1,1,1,1
796,1,1,1,1,1
797,1,1,1,1,1
798,1,1,1,1,1
799,1,1,1,1,1
800,1,1,1,1,1
801,1,2,1,1,2
802,1,1,1,1,1
803,1,1,1,1,1
804,1,1,1,1,2
805,1,1,1,1,1
806,1,1,1,1,1
807,1,1,1,1,1
808,1,1,1,1,1
809,1,1,1,1,2
810,1,1,1,1,2
811,1,1,1,1,2
812,1,1,1,1,1
813,1,1,1,1,1
814,1,1,1,1,1
815,1,1,1,1,1
816,1,1,1,1,1
817,1,1,1,1,1
818,1,1,1,1,2
819,1,1,1,1,2
820,1,1,1,1,2
821,1,1,1,1,2
822,1,1,1,1,1
823,1,1,1,1,2
824,1,1,1,1,2
825,1,1,1,1,1
826,1,1,1,1,2
827,1,1,1,1,2
828,1,1,1,1,2
829,1,1,1,1,2
830,1,1,1,1,2
831,1,1,1,1,2
832,1,1,1,1,2
833,1,1,1,1,2
834,1,1,1,1,2
835,1,1,1,1,2
836,1,0,1,1,2
837,1,1,1,1,1
838,1,1,1,1,2
839,1,1,1,1,1
840,1,1,1,1,1
841,1,1,1,1,1
842,1,1,1,1,2
843,1,1,1,1,1
844,1,1,1,1,2
845,1,1,1,1,2
846,1,1,1,1,1
847,1,1,1,1,2
848,1,1,1,1,1
849,1,1,1,1,1
850,1,1,1,1,1
851,1,1,1,1,1
852,1,1,1,1,2
853,1,1,1,1,2
854,1,1,1,1,2
855,1,1,1,1,1
856,1,1,1,1,2
857,1,1,1,1,2
858,1,1,1,1,2
859,1,1,1,1,2
860,1,1,1,1,1
861,1,1,1,1,2
862,1,1,1,1,2
863,1,1,1,1,2
864,1,2,1,1,2
865,1,1,1,1,1
866,1,1,1,1,2
867,1,1,1,1,2
868,1,1,1,1,2
869,1,1,1,1,1
870,1,1,1,1,1
871,1,1,1,1,1
872,1,1,1,1,2
873,1,1,1,1,2
874,1,1,1,1,2
875,1,1,1,1,2
876,1,2,1,1,2
877,1,1,1,1,1
878,1,1,1,1,2
879,1,2,1,1,2
880,1,1,1,1,2
881,1,2,1,1,2
882,1,2,1,1,2
883,1,2,1,1,2
884,1,2,1,1,2
885,1,2,1,1,2
886,1,2,1,1,2
887,1,2,1,1,2
888,1,2,1,1,2
889,2,2,1,1,2
890,1,1,1,1,1
891,1,1,1,1,1
892,1,1,1,1,1
893,1,1,1,1,1
894,1,2,1,1,2
895,2,2,1,1,2
896,2,2,1,1,2
897,1,2,1,1,2
898,1,2,1,1,2
899,1,2,1,1,2
900,1,2,1,1,2
901,1,2,1,1,2
902,1,2,1,1,2
903,1,2,1,1,2
904,1,2,1,1,2
905,1,2,1,1,2
906,1,2,1,1,2
907,1,1,1,1,1
908,1,1,1,1,1
909,1,1,1,1,1
910,1,1,1,1,1
911,1,1,1,1,1
912,1,1,1,1,1
913,1,1,1,1,1
914,1,1,1,1,1
915,1,1,1,1,2
916,1,2,1,1,2
917,1,2,1,1,2
918,1,2,1,1,2
919,1,1,1,1,2
920,1,1,1,1,1
921,1,1,1,1,1
922,1,1,1,1,1
923,1,1,1,1,2
924,1,1,1,1,1
925,1,1,1,1,2
926,1,1,1,1,1
927,1,1,1,1,2
928,1,1,1,1,2
929,1,1,1,1,1
930,1,1,1,1,1
931,1,1,1,1,1
932,1,1,1,1,1
933,1,1,1,1,1
934,1,1,1,1,1
935,1,1,1,1,1
936,1,1,1,1,1
937,1,1,1,1,1
938,1,1,1,1,1
939,1,1,1,1,2
940,1,1,1,1,2
941,1,2,1,1,2
942,1,2,1,1,2
943,1,2,1,1,2
944,1,1,1,1,2
945,1,1,1,1,2
946,1,1,1,1,2
947,1,1,1,1,2
948,1,1,1,1,2
949,1,1,1,1,2
950,1,1,1,1,2
951,1,1,1,1,2
952,1,1,1,1,2
953,1,1,1,1,2
954,1,1,1,1,2
955,1,1,1,1,2
956,1,1,1,1,2
957,1,1,1,1,2
958,1,1,1,1,2
959,1,1,1,1,2
960,1,1,1,1,2
961,1,1,1,1,2
962,1,1,1,1,2
963,1,1,1,1,2
964,1,1,1,1,2
965,1,1,1,1,2
966,1,1,1,1,2
967,1,1,1,1,2
968,1,1,1,1,2
969,1,1,1,1,2
970,1,1,1,1,2
971,1,1,1,1,2
972,1,1,1,1,2
973,1,1,1,1,2
974,1,1,1,1,2
975,1,1,1,1,2
976,1,1,1,1,2
977,1,1,1,1,2
978,1,1,1,1,2
979,1,1,1,1,2
980,1,1,1,1,2
981,1,1,1,1,2
982,1,1,1,1,2
983,1,1,1,2,2
984,1,1,1,2,2
985,1,1,1,1,1
986,1,1,1,1,2
987,1,1,1,1,2
988,1,2,1,2,2
989,1,2,1,2,2
990,1,1,1,2,2
991,2,2,1,2,2
992,2,2,1,2,2
993,2,2,1,2,2
994,1,2,1,2,2
995,2,2,1,2,2
996,2,2,1,2,2
997,2,2,1,2,2
998,2,2,1,2,2
999,1,2,1,1,2
1000,1,1,1,1,2
1001,2,2,1,1,2
1002,2,2,1,1,2
1003,1,2,1,1,2
1004,1,1,1,1,2
1005,1,1,1,1,2
1006,1,1,1,1,2
1007,1,2,1,2,2
1008,2,2,1,2,2
1009,1,2,1,2,2
1010,2,2,1,2,2
1011,2,2,1,1,2
1012,1,1,1,1,1
1013,1,2,1,1,2
1014,1,1,1,1,1
1015,1,1,1,1,2
1016,1,2,1,1,2
1017,1,2,1,1,1
1018,1,1,1,1,1
1019,1,1,1,1,1
1020,1,1,1,1,1
1021,1,1,1,1,1
1022,2,2,1,1,2
1023,1,1,1,1,2
1024,1,1,1,1,2
1025,1,1,1,1,2
1026,1,1,1,1,1
1027,1,1,1,1,1
1028,1,2,1,1,2
1029,1,2,1,1,2
1030,1,2,1,1,2
1031,1,1,1,1,2
1032,1,1,1,1,1
1033,1,1,1,1,1
1034,1,1,1,1,1
1035,1,1,1,1,1
1036,1,1,1,1,1
1037,1,1,1,1,2
1038,1,1,1,1,1
1039,1,1,1,1,2
1040,1,1,1,1,1
1041,1,1,1,1,1
1042,1,1,1,1,1
1043,1,1,1,1,1
1044,1,1,1,1,1
1045,1,1,1,1,1
1046,1,1,1,1,2
1047,1,1,1,1,2
1048,1,1,1,1,1
1049,1,1,1,1,1
1050,1,1,1,1,1
1051,1,1,1,1,1
1052,1,1,1,1,2
1053,1,1,1,1,1
1054,1,1,1,1,1
1055,1,1,1,1,1
1056,1,1,1,1,1
1057,1,1,1,1,1
1058,1,1,1,1,1
1059,1,1,1,1,1
1060,1,1,1,1,1
1061,1,1,1,1,1
1062,1,1,1,1,1
1063,1,1,1,1,1
1064,1,1,1,1,1
1065,1,1,1,1,1
1066,1,1,1,1,1
1067,1,1,1,1,2
1068,1,1,1,1,2
1069,1,1,1,1,2
1070,1,1,1,1,2
1071,1,1,1,1,2
1072,1,1,1,1,2
1073,1,1,1,1,2
1074,1,1,1,1,2
1075,1,1,1,1,2
1076,1,1,1,1,1
1077,1,1,1,1,2
1078,1,1,1,1,1
1079,1,1,1,1,2
1080,1,1,1,1,1
1081,1,1,1,1,2
1082,1,1,1,1,2
1083,1,1,1,1,2
1084,1,1,1,1,2
1085,1,1,1,1,1
1086,1,1,1,1,2
1087,1,1,1,1,2
1088,1,1,1,1,2
1089,1,1,1,1,1
1090,1,1,1,1,1
1091,1,1,1,1,1
1092,1,1,1,1,1
1093,1,1,1,1,1
1094,1,1,1,1,1
1095,1,1,1,1,1
1096,1,1,1,1,1
1097,1,1,1,1,1
1098,1,1,1,1,1
1099,1,1,1,1,1
1100,1,1,1,1,1
1101,1,1,1,1,2
1102,1,1,1,1,2
1103,1,1,1,1,2
1104,1,1,1,1,2
1105,1,1,1,1,2
1106,1,1,1,1,2
1107,1,1,1,1,2
1108,1,1,1,1,2
1109,1,1,1,1,2
1110,1,1,1,1,2
1111,1,1,1,1,2
1112,1,1,1,1,2
1113,1,1,1,1,2
1114,1,1,1,1,2
1115,1,1,1,1,2
1116,1,1,1,1,2
1117,1,1,1,1,2
1118,1,1,1,1,2
1119,1,1,1,1,2
1120,1,1,1,1,2
1121,1,1,1,1,2
1122,1,1,1,1,2
1123,1,1,1,1,2
1124,1,1,1,1,2
1125,1,1,1,1,2
1126,1,1,1,1,2
1127,1,1,1,1,2
1128,1,1,1,1,2
1129,1,1,1,1,2
1130,1,1,1,1,2
1131,1,1,1,1,2
1132,1,1,1,1,2
1133,1,1,1,1,2
1134,1,1,1,1,2
1135,1,1,1,1,2
1136,1,1,1,1,2
1137,1,1,1,1,2
1138,1,1,1,1,2
1139,1,1,1,1,2
1140,1,1,1,1,2
1141,1,1,1,1,2
1142,1,1,1,1,2
1143,1,1,1,1,2
1144,1,1,1,1,2
1145,1,1,1,1,2
1146,1,1,1,1,2
1147,1,1,1,1,2
1148,1,1,1,1,2
1149,1,1,1,1,2
1150,1,1,1,1,2
1151,1,1,1,1,2
1152,1,1,1,1,2
1153,1,1,1,1,2
1154,1,1,1,1,2
1155,1,1,1,1,2
1156,1,1,1,1,2
1157,1,1,1,1,2
1158,1,1,1,1,2
1159,1,1,1,1,2
1160,1,1,1,1,2
1161,1,1,1,1,2
1162,1,1,1,1,2
1163,1,1,1,1,2
1164,1,1,1,1,2
1165,1,1,1,1,2
1166,1,2,1,1,2
1167,1,1,1,1,2
1168,1,1,1,1,2
1169,1,1,1,1,2
1170,1,1,1,1,2
1171,1,1,1,1,2
1172,1,1,1,1,2
1173,1,1,1,1,2
1174,1,1,1,1,2
1175,1,1,1,1,2
1176,1,1,1,1,2
1177,1,2,1,1,2
1178,1,2,1,1,2
1179,1,2,1,1,2
1180,1,1,1,1,2
1181,1,1,1,1,2
1182,1,1,1,1,2
1183,1,1,1,1,2
1184,1,1,1,1,2
1185,1,1,1,1,2
1186,1,1,1,1,2
1187,1,1,1,1,2
1188,1,1,1,1,2
1189,1,1,1,1,2
1190,1,1,1,1,2
1191,1,1,1,1,2
1192,1,1,1,1,2
1193,1,1,1,1,2
1194,1,1,1,1,2
1195,1,1,1,1,2
1196,1,1,1,1,2
1197,1,1,1,1,2
1198,1,1,1,1,2
1199,1,1,1,1,2
1200,1,1,1,1,2
1201,1,1,1,1,2
1202,1,1,1,1,1
1203,1,1,1,1,1
1204,1,1,1,1,1
1205,1,1,1,1,2
1206,1,1,1,2,2
1207,1,1,1,1,2
1208,1,1,1,1,2
1209,1,1,1,1,2
1210,1,1,1,1,2
1211,1,1,1,1,2
1212,1,1,1,1,2
1213,1,1,1,1,2
1214,1,1,1,1,2
1215,1,1,1,1,2
1216,1,2,1,1,2
1217,1,2,1,1,2
1218,1,1,1,1,2
1219,1,2,1,1,2
1220,1,1,1,1,2
1221,1,1,1,1,2
1222,1,1,1,1,2
1223,1,1,1,1,2
1224,1,1,1,1,2
1225,1,1,1,1,2
1226,1,2,1,1,2
1227,1,1,1,1,2
1228,1,1,1,1,2
1229,1,1,1,1,2
1230,1,1,1,1,2
1231,1,1,1,1,2
1232,1,1,1,1,2
1233,1,1,1,1,2
1234,1,1,1,1,2
1235,1,1,1,1,2
1236,1,1,1,1,2
1237,1,1,1,1,2
1238,1,1,1,1,2
1239,1,1,1,1,2
1240,1,1,1,1,2
1241,1,1,1,1,2
1242,1,2,1,2,2
1243,1,2,1,2,2
1244,1,1,1,2,2
1245,1,1,1,1,2
1246,1,1,1,2,2
1247,1,1,1,2,2
1248,1,1,1,2,2
1249,1,1,1,2,2
1250,1,1,1,2,2
1251,1,1,1,1,2
1252,1,1,1,2,2
1253,1,1,1,2,2
1254,1,1,1,2,2
1255,1,1,1,1,2
1256,1,1,1,2,2
1257,1,1,1,2,2
1258,1,1,1,1,2
1259,2,2,1,2,2
1260,1,2,1,2,2
1261,1,1,1,2,2
1262,1,1,1,2,2
1263,1,1,1,2,2
1264,1,1,1,2,2
1265,1,1,1,2,2
1266,1,1,1,2,2
1267,1,1,1,2,2
1268,1,1,1,2,2
1269,1,1,1,2,2
1270,1,1,1,2,2
1271,1,1,1,2,2
1272,1,1,1,2,2
1273,1,1,1,2,2
1274,1,1,1,2,2
1275,1,1,1,2,2
1276,1,1,1,2,2
1277,1,1,1,2,2
1278,1,1,1,2,2
1279,1,1,1,2,2
1280,1,1,1,2,2
1281,1,1,1,2,2
1282,1,1,1,2,2
1283,1,1,1,2,2
1284,1,1,1,2,2
1285,1,1,1,2,2
1286,1,1,1,2,2
1287,1,1,1,2,2
1288,1,1,1,2,2
1289,1,1,1,2,2
1290,1,2,1,2,2
1291,1,2,1,2,2
1292,1,1,1,2,2
1293,1,1,1,2,2
1294,1,2,1,2,2
1295,1,1,1,2,2
1296,1,1,1,2,2
1297,1,1,1,2,2
1298,1,1,1,2,2
1299,1,2,1,2,2
1300,1,1,1,2,2
1301,1,1,1,2,2
1302,1,1,1,2,2
1303,1,1,1,2,2
1304,1,1,1,2,2
1305,1,1,1,2,2
1306,1,2,1,2,2
1307,1,1,1,2,2
1308,1,2,1,2,2
1309,1,1,1,2,2
1310,1,1,1,2,2
1311,1,1,1,2,2
1312,1,1,1,2,2
1313,1,1,1,2,2
1314,1,1,1,2,2
1315,1,1,1,2,2
1316,1,1,1,2,2
1317,1,1,1,2,2
1318,1,1,1,2,2
1319,1,1,1,1,2
1320,1,1,1,1,2
1321,1,1,1,1,2
1322,1,1,1,1,2
1323,1,1,1,1,2
1324,1,1,1,1,2
1325,1,1,1,1,2
1326,1,1,1,1,2
1327,1,1,1,1,2
1328,1,1,1,1,2
1329,1,1,1,1,2
1330,1,1,1,1,2
1331,1,1,1,1,2
1332,1,1,1,1,2
1333,1,1,1,1,2
1334,1,1,1,1,2
1335,1,1,1,1,2
1336,1,1,1,2,2
1337,1,2,1,2,2
1338,1,2,1,2,2
1339,1,1,1,1,2
1340,1,1,1,1,2
1341,1,1,1,1,2
1342,1,1,1,1,2
1343,1,1,1,1,2
1344,1,2,1,2,2
1345,1,1,1,1,2
1346,1,2,1,1,2
1347,1,2,1,1,2
1348,1,2,1,1,2
1349,1,1,1,1,2
1350,1,1,1,1,2
1351,1,1,1,1,2
1352,1,1,1,1,2
1353,1,1,1,1,2
1354,1,1,1,1,2
1355,1,1,1,1,2
1356,1,1,1,1,2
1357,1,1,1,1,2
1358,1,1,1,1,2
1359,1,1,1,1,2
1360,1,1,1,1,2
1361,1,1,1,1,2
1362,1,1,1,1,2
1363,1,1,1,1,2
1364,1,1,1,1,2
1365,1,1,1,1,2
1366,1,1,1,1,2
1367,1,2,1,1,2
1368,1,1,1,1,2
1369,1,1,1,1,2
1370,1,1,1,1,2
1371,1,2,1,1,2
1372,1,1,1,1,2
1373,1,1,1,1,2
1374,1,2,1,1,2
1375,1,1,1,1,2
1376,1,1,1,1,2
1377,1,1,1,1,2
1378,1,1,1,1,2
1379,1,1,1,1,2
1380,1,1,1,1,2
1381,1,1,1,1,2
1382,1,1,1,1,2
1383,1,1,1,1,2
1384,1,1,1,1,2
1385,1,1,1,1,2
1386,1,1,1,1,2
1387,1,1,1,1,2
1388,1,1,1,1,2
1389,1,1,1,1,2
1390,1,1,1,1,2
1391,1,1,1,1,2
1392,1,1,1,1,2
1393,1,1,1,1,2
1394,1,1,1,1,2
1395,1,1,1,1,2
1396,1,1,1,1,2
1397,1,1,1,1,2
1398,1,1,1,1,2
1399,1,1,1,1,2
1400,1,1,1,1,2
1401,1,1,1,1,2
1402,1,1,1,1,2
1403,1,1,1,1,2
1404,1,1,1,1,2
1405,1,1,1,1,2
1406,1,1,1,1,2
1407,1,1,1,1,2
1408,1,1,1,1,2
1409,1,1,1,1,2
1410,1,1,1,1,2
1411,1,1,1,1,2
1412,1,1,1,1,2
1413,1,1,1,1,2
1414,1,1,1,1,2
1415,1,1,1,1,2
1416,1,1,1,1,2
1417,1,1,1,1,2
1418,1,1,1,1,2
1419,1,2,1,2,2
1420,1,2,1,2,2
1421,1,1,1,1,2
1422,1,1,1,1,2
1423,1,2,1,2,2
1424,1,1,1,1,2
1425,1,1,1,1,2
1426,1,1,1,1,2
1427,1,1,1,1,2
1428,1,1,1,1,2
1429,1,1,1,1,2
1430,1,1,1,1,2
1431,1,1,1,1,2
1432,1,1,1,1,2
1433,1,1,1,1,2
1434,1,1,1,1,2
1435,1,1,1,1,2
1436,1,1,1,1,2
1437,1,1,1,1,2
1438,1,1,1,1,2
1439,1,1,1,1,2
1440,1,1,1,1,2
1441,1,1,1,1,2
1442,1,1,1,1,2
1443,1,1,1,1,2
1444,1,1,1,1,2
1445,1,1,1,1,2
1446,1,1,1,1,2
1447,1,1,1,1,2
1448,1,1,1,1,2
1449,1,1,1,1,2
1450,1,1,1,1,2
1451,1,1,1,1,2
1452,1,1,1,1,2
1453,1,1,1,1,2
1454,1,1,1,1,2
1455,1,1,1,1,2
1456,1,1,1,1,2
1457,1,1,1,1,2
1458,1,1,1,1,2
1459,1,1,1,1,2
1460,1,1,1,1,2
1461,1,1,1,1,2
1462,1,1,1,1,2
1463,1,1,1,1,2
1464,1,1,1,1,2
1465,1,1,1,1,2
1466,1,1,1,1,2
1467,1,1,1,1,2
1468,1,1,1,1,2
1469,1,1,1,1,2
1470,1,1,1,1,2
1471,1,1,1,1,2
1472,1,1,1,1,2
1473,1,1,1,1,2
1474,1,1,1,1,2
1475,1,1,1,1,2
1476,1,1,1,2,2
1477,1,1,1,1,2
1478,1,1,1,1,2
1479,1,1,1,1,2
1480,1,1,1,1,2
1481,1,1,1,1,2
1482,1,1,1,1,2
1483,1,1,1,1,2
1484,1,1,1,1,2
1485,1,1,1,1,2
1486,1,1,1,1,2
1487,1,1,1,1,2
1488,1,1,1,2,2
1489,1,2,1,1,2
1490,1,2,1,1,2
1491,1,1,1,1,2
1492,1,2,1,1,2
1493,1,2,1,1,2
1494,1,1,1,1,2
1495,1,1,1,1,2
1496,1,2,1,1,2
1497,1,2,1,1,2
1498,1,2,1,1,2
1499,1,1,1,2,2
1500,1,1,1,1,2
1501,1,1,1,1,2
1502,1,1,1,1,2
1503,1,1,1,1,2
1504,1,1,1,1,2
1505,1,1,1,1,2
1506,1,1,1,1,2
1507,1,1,1,1,2
1508,1,1,1,1,1
1509,1,1,1,1,2
1510,1,1,1,1,2
1511,1,1,1,1,1
1512,1,1,1,1,1
1513,1,1,1,1,1
1514,1,1,1,1,1
1515,1,1,1,1,1
1516,1,1,1,1,1
1517,1,1,1,1,1
1518,1,1,1,1,1
1519,1,1,1,1,1
1520,1,1,1,1,1
1521,1,1,1,1,1
1522,1,1,1,1,1
1523,1,1,1,1,1
1524,1,1,1,1,1
1525,1,1,1,1,1
1526,1,1,1,1,1
1527,1,1,1,1,1
1528,1,1,1,1,1
1529,1,1,1,1,1
1530,1,1,1,1,1
1531,1,1,1,1,1
1532,1,1,1,1,1
1533,1,1,1,1,1
1534,1,1,1,1,1
1535,1,1,1,1,1
1536,1,1,1,1,1
1537,1,1,1,1,1
1538,1,1,1,1,1
1539,1,1,1,1,1
1540,1,1,1,1,1
1541,1,1,1,1,1
1542,1,1,1,1,1
1543,1,1,1,1,1
1544,1,1,1,1,1
1545,1,1,1,1,1
1546,1,1,1,1,1
1547,1,1,1,1,1
1548,1,1,1,1,1
1549,1,1,1,1,1
1550,1,1,1,1,1
1551,1,1,1,1,1
1552,1,1,1,1,1
1553,1,1,1,1,1
1554,1,1,1,1,1
1555,1,1,1,1,1
1556,1,1,1,1,1
1557,1,1,1,1,1
1558,1,1,1,1,1
1559,1,1,1,1,1
1560,1,1,1,1,1
1561,1,1,1,1,1
1562,1,1,1,1,1
1563,1,1,1,1,1
1564,1,1,1,1,1
1565,1,1,1,1,1
1566,1,1,1,1,1
1567,1,1,1,1,1
1568,1,1,1,1,1
1569,1,1,1,1,2
1570,1,1,1,1,1
1571,1,1,1,1,1
1572,1,1,1,1,1
1573,1,1,1,1,1
1574,1,1,1,1,1
1575,1,1,1,1,1
1576,1,0,1,1,1
1577,1,1,1,1,1
1578,1,1,1,1,1
1579,1,1,1,1,1
1580,1,1,1,1,1
1581,1,1,1,1,1
1582,1,1,1,1,1
1583,1,1,1,1,1
1584,1,1,1,1,1
1585,1,1,1,1,1
1586,1,1,1,1,1
1587,1,1,1,1,1
1588,1,1,1,1,1
1589,1,1,1,1,1
1590,1,1,1,1,2
1591,1,1,1,1,1
1592,1,1,1,1,1
1593,1,1,1,1,2
1594,1,1,1,1,1
1595,1,1,1,1,1
1596,1,1,1,1,1
1597,1,1,1,1,1
1598,1,1,1,1,1
1599,1,1,1,1,1
1600,1,1,1,1,1
1601,1,1,1,1,1
1602,1,1,1,1,1
1603,1,1,1,1,1
1604,1,1,1,1,1
1605,1,1,1,1,1
1606,1,1,1,1,1
1607,1,1,1,1,1
1608,1,1,1,1,1
1609,1,1,1,1,2
1610,1,1,1,1,1
1611,1,1,1,1,1
1612,1,1,1,1,1
1613,1,1,1,1,2
1614,1,1,1,1,1
1615,1,1,1,1,1
1616,1,1,1,1,1
1617,1,1,1,1,1
1618,1,1,1,1,1
1619,1,1,1,1,1
1620,1,1,1,1,1
1621,1,1,1,1,1
1622,1,1,1,1,1
1623,1,1,1,1,1
1624,1,1,1,1,1
1625,1,1,1,1,1
1626,1,1,1,1,1
1627,1,1,1,1,1
1628,1,1,1,1,1
1629,1,1,1,1,1
1630,1,1,1,1,1
1631,1,1,1,1,1
1632,1,1,1,1,1
1633,1,1,1,1,1
1634,1,1,1,1,1
1635,1,1,1,1,1
1636,1,1,1,1,1
1637,1,1,1,1,1
1638,1,1,1,1,1
1639,1,1,1,1,1
1640,1,1,1,1,1
1641,1,1,1,1,1
1642,1,1,1,1,1
1643,1,1,1,1,1
1644,1,1,1,1,1
1645,1,1,1,1,1
1646,1,2,1,1,1
1647,1,1,1,1,1
1648,1,1,1,1,1
1649,1,1,1,1,1
1650,1,1,1,1,1
1651,1,1,1,1,1
1652,1,1,1,1,1
1653,1,1,1,1,1
1654,1,1,1,1,1
1655,1,1,1,1,1
1656,1,1,1,1,1
1657,1,1,1,1,1
1658,1,1,1,1,1
1659,1,1,1,1,1
1660,1,1,1,1,1
1661,1,1,1,1,1
1662,1,1,1,1,1
1663,1,1,1,1,1
1664,1,1,1,1,1
1665,1,1,1,1,1
1666,1,1,1,1,1
1667,1,1,1,1,1
1668,1,1,1,1,1
1669,1,1,1,1,2
1670,1,1,1,1,2
1671,1,1,1,1,2
1672,1,1,1,1,2
1673,1,1,1,1,2
1674,1,0,1,1,2
1675,1,1,1,1,2
1676,1,1,1,1,2
1677,1,1,1,1,2
1678,1,1,1,1,2
1679,1,1,1,1,2
1680,1,1,1,1,2
1681,1,1,1,1,2
1682,1,1,1,1,2
1683,1,1,1,1,2
1684,1,1,1,1,2
1685,1,1,1,1,2
1686,1,1,1,1,2
1687,1,1,1,1,2
1688,1,1,1,1,2
1689,1,1,1,1,1
1690,1,1,1,1,2
1691,1,0,1,1,2
1692,1,1,1,1,1
1693,1,1,1,1,1
1694,1,1,1,2,2
1695,1,1,1,1,2
1696,1,1,1,1,2
1697,1,1,1,2,2
1698,1,1,1,2,2
1699,1,1,1,2,2
1700,1,1,1,2,2
1701,1,2,1,2,2
1702,1,2,1,2,2
1703,1,1,1,2,2
1704,1,1,1,1,2
1705,1,1,1,1,1
1706,1,1,1,1,2
1707,1,1,1,1,1
1708,1,1,1,1,2
1709,1,1,1,1,2
1710,1,1,1,1,1
1711,1,1,1,1,2
1712,1,1,1,1,2
1713,1,1,1,1,2
1714,1,1,1,1,2
1715,1,1,1,1,2
1716,1,1,1,1,2
1717,1,1,1,1,2
1718,1,1,1,1,2
1719,1,0,1,1,2
1720,1,0,1,1,2
1721,1,0,1,1,2
1722,1,0,1,1,2
1723,1,0,1,1,2
1724,1,0,1,1,2
1725,1,0,1,1,2
1726,1,0,1,1,2
1727,1,1,1,1,2
1728,1,0,1,1,2
1729,1,0,1,1,2
1730,1,0,1,1,2
1731,1,0,1,1,2
1732,1,1,1,1,2
1733,1,1,1,1,2
1734,1,1,1,1,2
1735,1,1,1,1,2
1736,1,0,1,1,2
1737,1,0,1,1,2
1738,1,0,1,1,2
1739,1,1,1,1,2
1740,1,1,1,1,2
1741,1,1,1,1,2
1742,1,1,1,1,2
1743,1,1,1,1,2
1744,1,1,1,1,2
1745,1,1,1,1,2
1746,1,1,1,1,2
1747,1,1,1,1,2
1748,1,1,1,1,2
1749,1,1,1,1,2
1750,1,1,1,1,2
1751,1,1,1,1,2
1752,1,1,1,1,2
1753,1,1,1,1,2
1754,0,0,1,1,2
1755,1,1,1,1,2
1756,1,1,1,1,2
1757,1,2,1,1,2
1758,1,1,1,1,2
1759,1,1,1,1,2
1760,1,1,1,1,2
1761,1,1,1,1,1
1762,1,1,1,1,1
1763,1,1,1,1,1
1764,1,1,1,1,2
1765,1,1,1,1,2
1766,1,1,1,1,2
1767,1,1,1,1,2
1768,1,1,1,1,2
1769,1,1,1,1,2
1770,1,1,1,1,2
1771,1,1,1,1,2
1772,1,1,1,1,2
1773,1,1,1,1,2
1774,1,2,1,2,2
1775,1,1,1,2,2
1776,1,1,1,2,2
1777,1,1,1,2,2
1778,1,1,1,2,2
1779,1,1,1,2,2
1780,1,1,1,2,2
1781,1,1,1,2,2
1782,1,1,1,2,2
1783,1,1,1,2,2
1784,1,1,1,2,2
1785,1,2,1,2,2
1786,1,0,1,2,2
1787,1,0,1,2,2
1788,1,2,1,2,2
1789,1,2,1,2,2
1790,1,0,1,2,2
1791,1,1,1,2,2
1792,1,1,1,1,2
1793,1,1,1,1,2
1794,1,1,1,1,2
1795,1,1,1,1,2
1796,1,1,1,1,2
1797,1,1,1,1,2
1798,1,0,1,2,2
1799,2,2,1,2,2
1800,1,1,1,2,1
1801,0,0,1,2,2
1802,1,0,1,2,2
1803,0,0,1,2,2
1804,1,1,1,1,2
1805,1,1,1,1,2
1806,1,0,1,1,2
1807,1,1,1,1,2
1808,1,1,1,1,2
1809,0,0,1,1,1
1810,0,0,1,1,1
1811,0,0,1,1,1
1812,1,0,1,1,1
1813,1,1,1,1,1
1814,1,1,1,2,2
1815,1,1,1,1,2
1816,0,0,1,2,2
1817,1,1,1,2,2
1818,1,1,1,1,2
1819,1,1,1,1,2
1820,1,1,1,2,2
1821,1,2,1,2,2
1822,2,2,1,2,2
1823,2,2,1,2,2
1824,2,2,1,2,2
1825,1,1,1,1,2
1826,2,2,1,2,2
1827,2,2,1,2,2
1828,1,1,1,1,2
1829,1,1,1,1,2
1830,1,2,1,2,2
1831,1,2,1,2,2
1832,1,2,1,2,2
1833,1,2,1,2,2
1834,1,2,1,2,2
1835,1,2,1,2,2
1836,1,2,1,2,2
1837,1,2,1,2,2
1838,1,2,1,2,2
1839,1,2,1,2,2
1840,1,2,1,1,2
1841,2,2,1,2,2
1842,1,1,1,1,2
1843,1,1,1,1,2
1844,2,2,1,2,2
1845,2,2,1,2,2
1846,1,2,1,2,2
1847,2,2,1,2,2
1848,2,2,1,2,2
1849,1,2,1,2,2
1850,1,2,1,2,2
1851,1,2,1,2,2
1852,1,2,1,2,2
1853,1,2,1,2,2
1854,1,2,1,2,2
1855,1,2,1,2,2
1856,1,1,1,1,2
1857,2,2,1,2,2
1858,1,2,1,2,2
1859,1,1,1,1,2
1860,1,1,1,1,2
1861,1,1,1,1,2
1862,1,1,1,1,2
1863,1,2,1,2,2
1864,1,2,1,2,2
1865,1,1,1,1,2
1866,1,1,1,1,2
1867,1,1,1,1,2
1868,1,1,1,1,2
1869,1,1,1,1,2
1870,1,2,1,2,2
1871,1,2,1,2,2
1872,1,2,1,2,2
1873,1,2,1,2,2
1874,1,2,1,2,2
1875,1,2,1,2,2
1876,1,2,1,2,2
1877,1,2,1,2,2
1878,1,2,1,2,2
1879,1,1,1,2,2
1880,1,2,1,2,2
1881,1,2,1,2,2
1882,1,2,1,2,2
1883,1,2,1,2,2
1884,1,2,1,2,2
1885,2,2,1,2,2
1886,1,2,1,2,2
1887,1,1,1,1,2
1888,1,2,1,1,2
1889,1,2,1,1,2
1890,1,2,1,1,2
1891,1,2,1,1,2
1892,1,2,1,1,2
1893,2,2,1,1,2
1894,1,2,1,1,2
1895,1,1,1,1,2
1896,1,2,1,1,2
1897,1,1,1,1,2
1898,1,1,1,1,2
1899,1,1,1,1,2
1900,1,1,1,1,2
1901,1,1,1,1,1
1902,1,1,1,1,1
1903,2,2,1,1,2
1904,1,1,1,1,2
1905,1,2,1,1,2
1906,1,1,1,1,1
1907,1,1,1,1,1
1908,1,1,1,1,1
1909,1,1,1,1,1
1910,1,1,1,1,2
1911,1,1,1,1,2
1912,1,1,1,1,2
1913,1,1,1,1,1
1914,1,1,1,1,2
1915,1,1,1,1,2
1916,1,1,1,1,2
1917,1,1,1,1,2
1918,1,1,1,1,2
1919,1,1,1,1,2
1920,1,1,1,1,2
1921,1,1,1,1,2
1922,1,1,1,1,2
1923,1,1,1,1,2
1924,1,1,1,1,2
1925,1,1,1,1,2
1926,1,1,1,1,2
1927,1,1,1,1,2
1928,1,1,1,1,2
1929,1,1,1,1,2
1930,1,1,1,1,2
1931,1,1,1,1,2
1932,1,1,1,1,2
1933,1,1,1,1,2
1934,1,1,1,1,2
1935,1,1,1,1,2
1936,1,1,1,1,2
1937,1,1,1,1,2
1938,1,1,1,1,2
1939,1,1,1,1,1
1940,1,1,1,1,1
1941,1,1,1,1,1
1942,1,1,1,1,1
1943,1,0,1,1,1
1944,1,1,1,1,1
1945,1,1,1,1,1
1946,1,1,1,1,2
1947,2,2,1,1,2
1948,1,1,1,1,1
1949,0,0,1,1,1
1950,1,1,1,1,2
1951,1,1,1,1,2
1952,1,1,1,1,1
1953,1,1,1,1,1
1954,1,1,1,1,1
1955,1,1,1,1,1
1956,1,1,1,1,1
1957,1,1,1,1,2
1958,2,2,1,1,2
1959,2,1,1,1,1
1960,1,1,1,1,1
1961,1,1,1,1,1
1962,1,1,1,1,1
1963,1,1,1,1,1
1964,1,1,1,1,1
1965,1,1,1,1,1
1966,1,1,1,1,1
1967,1,1,1,1,1
1968,1,1,1,1,1
1969,1,1,1,1,1
1970,1,1,1,1,1
1971,1,1,1,1,1
1972,1,1,1,1,1
1973,1,1,1,1,1
1974,1,1,1,1,1
1975,1,1,1,1,1
1976,1,1,1,1,1
1977,1,1,1,1,1
1978,1,1,1,1,1
1979,1,1,1,1,1
1980,1,1,1,1,1
1981,1,1,1,1,1
1982,1,1,1,1,1
1983,0,1,1,1,1
1984,1,1,1,1,1
1985,2,2,1,1,1
1986,1,1,1,1,1
1987,1,1,1,1,1
1988,1,1,1,1,1
1989,2,2,1,1,1
1990,1,1,1,1,1
1991,1,1,1,1,1
1992,1,1,1,1,1
1993,1,1,1,1,1
1994,1,1,1,1,1
1995,1,1,1,1,1
1996,1,1,1,1,1
1997,1,1,1,1,1
1998,1,2,1,1,1
